CustNum,Total,0,1,2,3,4,5,6,7,8,9
1.000,67,0.000,0.000,0.090,0.090,0.209,0.060,0.194,0.269,0.030,0.060
3.000,248,0.012,0.016,0.141,0.069,0.069,0.056,0.246,0.161,0.149,0.081
15.000,117,0.000,0.000,0.094,0.009,0.214,0.017,0.231,0.256,0.179,0.000
22.000,51,0.000,0.000,0.020,0.020,0.196,0.000,0.078,0.059,0.627,0.000
27.000,198,0.005,0.040,0.076,0.025,0.237,0.000,0.116,0.222,0.273,0.005
37.000,63,0.016,0.000,0.079,0.016,0.143,0.016,0.143,0.175,0.349,0.063
40.000,182,0.011,0.000,0.044,0.005,0.258,0.126,0.137,0.203,0.187,0.027
42.000,148,0.000,0.047,0.223,0.034,0.196,0.034,0.176,0.122,0.162,0.007
68.000,307,0.007,0.003,0.065,0.023,0.306,0.016,0.166,0.052,0.215,0.147
86.000,58,0.000,0.000,0.086,0.000,0.052,0.000,0.000,0.000,0.845,0.017
91.000,58,0.000,0.000,0.086,0.000,0.190,0.000,0.293,0.207,0.155,0.069
102.000,67,0.000,0.000,0.000,0.000,0.224,0.030,0.134,0.119,0.478,0.015
116.000,89,0.000,0.000,0.056,0.022,0.213,0.056,0.034,0.337,0.270,0.011
117.000,103,0.068,0.000,0.068,0.019,0.340,0.010,0.029,0.165,0.301,0.000
118.000,125,0.048,0.016,0.104,0.048,0.264,0.016,0.056,0.240,0.160,0.048
121.000,128,0.000,0.016,0.016,0.000,0.656,0.023,0.070,0.070,0.117,0.031
133.000,78,0.000,0.000,0.013,0.000,0.282,0.013,0.244,0.179,0.167,0.103
137.000,109,0.018,0.018,0.064,0.028,0.312,0.018,0.119,0.211,0.211,0.000
139.000,503,0.000,0.026,0.076,0.018,0.318,0.040,0.105,0.195,0.189,0.034
156.000,231,0.000,0.039,0.134,0.000,0.130,0.017,0.320,0.147,0.160,0.052
183.000,145,0.007,0.007,0.076,0.034,0.179,0.021,0.124,0.069,0.469,0.014
203.000,286,0.000,0.000,0.073,0.031,0.147,0.000,0.434,0.182,0.129,0.003
222.000,79,0.000,0.000,0.114,0.228,0.228,0.038,0.025,0.038,0.304,0.025
237.000,153,0.000,0.000,0.124,0.013,0.261,0.046,0.111,0.105,0.307,0.033
266.000,51,0.000,0.000,0.059,0.000,0.059,0.059,0.431,0.098,0.275,0.020
282.000,262,0.000,0.076,0.038,0.011,0.282,0.118,0.076,0.237,0.156,0.004
289.000,152,0.000,0.020,0.099,0.007,0.316,0.007,0.191,0.079,0.243,0.039
290.000,114,0.000,0.000,0.044,0.009,0.009,0.018,0.430,0.465,0.018,0.009
300.000,156,0.006,0.006,0.096,0.071,0.288,0.006,0.083,0.179,0.231,0.032
304.000,55,0.000,0.000,0.055,0.000,0.400,0.036,0.000,0.036,0.473,0.000
305.000,108,0.000,0.028,0.065,0.009,0.315,0.000,0.185,0.157,0.157,0.083
319.000,86,0.035,0.000,0.140,0.000,0.035,0.023,0.279,0.058,0.419,0.012
336.000,219,0.000,0.009,0.032,0.014,0.438,0.146,0.119,0.105,0.091,0.046
364.000,261,0.011,0.023,0.050,0.004,0.360,0.084,0.107,0.157,0.188,0.015
385.000,687,0.009,0.006,0.100,0.039,0.371,0.033,0.092,0.130,0.163,0.057
426.000,134,0.007,0.000,0.097,0.015,0.142,0.149,0.127,0.336,0.104,0.022
428.000,53,0.000,0.019,0.057,0.000,0.170,0.094,0.283,0.132,0.208,0.038
447.000,78,0.000,0.000,0.051,0.026,0.231,0.090,0.064,0.244,0.231,0.064
448.000,84,0.000,0.000,0.083,0.024,0.250,0.024,0.048,0.238,0.310,0.024
463.000,94,0.000,0.000,0.011,0.000,0.223,0.021,0.043,0.309,0.330,0.064
466.000,153,0.000,0.026,0.085,0.007,0.268,0.026,0.105,0.144,0.288,0.052
467.000,65,0.031,0.000,0.062,0.015,0.200,0.031,0.092,0.123,0.415,0.031
469.000,439,0.023,0.036,0.021,0.011,0.255,0.066,0.103,0.214,0.253,0.018
472.000,162,0.000,0.000,0.056,0.037,0.327,0.093,0.130,0.148,0.185,0.025
477.000,73,0.000,0.014,0.192,0.041,0.315,0.082,0.123,0.110,0.041,0.082
480.000,56,0.000,0.000,0.125,0.000,0.125,0.000,0.036,0.250,0.429,0.036
484.000,131,0.008,0.000,0.076,0.008,0.267,0.000,0.183,0.267,0.191,0.000
486.000,142,0.028,0.035,0.070,0.028,0.387,0.063,0.007,0.169,0.190,0.021
495.000,277,0.000,0.007,0.054,0.014,0.372,0.040,0.076,0.195,0.213,0.029
518.000,103,0.000,0.000,0.010,0.000,0.184,0.010,0.000,0.058,0.718,0.019
519.000,141,0.000,0.000,0.028,0.000,0.241,0.050,0.113,0.184,0.184,0.199
522.000,119,0.000,0.000,0.101,0.076,0.429,0.092,0.109,0.101,0.059,0.034
527.000,56,0.000,0.000,0.071,0.107,0.196,0.054,0.089,0.214,0.143,0.125
530.000,152,0.000,0.000,0.046,0.020,0.184,0.026,0.158,0.178,0.289,0.099
536.000,112,0.000,0.000,0.116,0.000,0.277,0.143,0.161,0.143,0.125,0.036
537.000,57,0.000,0.000,0.123,0.000,0.175,0.053,0.246,0.158,0.228,0.018
539.000,66,0.000,0.000,0.061,0.030,0.273,0.000,0.121,0.182,0.318,0.015
560.000,150,0.000,0.000,0.100,0.027,0.267,0.033,0.213,0.140,0.180,0.040
563.000,54,0.000,0.019,0.037,0.037,0.463,0.019,0.019,0.074,0.278,0.056
564.000,67,0.000,0.000,0.000,0.000,0.269,0.000,0.045,0.030,0.627,0.030
566.000,110,0.027,0.000,0.045,0.027,0.455,0.045,0.073,0.209,0.073,0.045
579.000,79,0.000,0.000,0.025,0.013,0.177,0.101,0.228,0.266,0.177,0.013
580.000,61,0.000,0.000,0.033,0.016,0.410,0.033,0.066,0.098,0.328,0.016
581.000,53,0.000,0.000,0.000,0.000,0.113,0.038,0.113,0.264,0.453,0.019
582.000,65,0.000,0.000,0.169,0.000,0.400,0.046,0.108,0.123,0.123,0.031
594.000,93,0.011,0.000,0.054,0.043,0.194,0.065,0.000,0.301,0.312,0.022
595.000,167,0.012,0.006,0.090,0.012,0.341,0.018,0.126,0.120,0.162,0.114
820.000,87,0.000,0.000,0.000,0.000,0.011,0.000,0.000,0.000,0.287,0.701
992.000,104,0.010,0.000,0.000,0.000,0.375,0.183,0.067,0.260,0.106,0.000
9001.000,518,0.471,0.000,0.010,0.000,0.006,0.000,0.000,0.010,0.504,0.000
9002.000,507,0.465,0.000,0.004,0.000,0.002,0.000,0.000,0.008,0.521,0.000
9003.000,512,0.459,0.000,0.004,0.000,0.004,0.000,0.000,0.000,0.533,0.000
9004.000,523,0.465,0.000,0.006,0.000,0.006,0.000,0.000,0.004,0.520,0.000
9005.000,510,0.467,0.000,0.002,0.000,0.016,0.000,0.000,0.006,0.508,0.002
9006.000,516,0.461,0.000,0.004,0.000,0.017,0.000,0.000,0.004,0.514,0.000
9007.000,510,0.467,0.000,0.006,0.000,0.018,0.000,0.000,0.004,0.506,0.000
9008.000,529,0.463,0.000,0.004,0.000,0.006,0.000,0.000,0.000,0.526,0.002
9009.000,514,0.453,0.000,0.002,0.000,0.010,0.000,0.000,0.000,0.535,0.000
9010.000,511,0.460,0.000,0.014,0.000,0.008,0.000,0.002,0.002,0.515,0.000
9011.000,528,0.453,0.000,0.004,0.000,0.006,0.000,0.000,0.008,0.530,0.000
9012.000,515,0.460,0.000,0.004,0.000,0.006,0.000,0.000,0.000,0.530,0.000
9013.000,512,0.441,0.000,0.008,0.000,0.010,0.000,0.000,0.000,0.541,0.000
9014.000,512,0.459,0.000,0.008,0.000,0.010,0.000,0.000,0.002,0.521,0.000
9015.000,523,0.453,0.000,0.008,0.000,0.008,0.000,0.000,0.004,0.526,0.002
9016.000,498,0.454,0.000,0.000,0.000,0.012,0.000,0.000,0.000,0.534,0.000
9017.000,492,0.470,0.000,0.000,0.000,0.024,0.000,0.000,0.002,0.502,0.002
9018.000,522,0.454,0.000,0.011,0.000,0.015,0.000,0.000,0.008,0.510,0.002
9019.000,507,0.464,0.000,0.002,0.000,0.016,0.002,0.000,0.012,0.505,0.000
9020.000,510,0.457,0.000,0.002,0.000,0.006,0.000,0.000,0.002,0.529,0.004
9021.000,500,0.450,0.000,0.000,0.000,0.012,0.000,0.000,0.002,0.528,0.008
9022.000,481,0.449,0.000,0.004,0.000,0.010,0.000,0.000,0.004,0.522,0.010
9023.000,449,0.477,0.000,0.000,0.000,0.007,0.000,0.000,0.007,0.508,0.002
9024.000,444,0.462,0.000,0.002,0.000,0.018,0.000,0.002,0.002,0.511,0.002
9025.000,474,0.447,0.000,0.006,0.000,0.011,0.000,0.000,0.004,0.525,0.006
9026.000,457,0.449,0.000,0.002,0.000,0.015,0.002,0.000,0.007,0.514,0.011
9027.000,454,0.416,0.000,0.011,0.000,0.015,0.002,0.000,0.002,0.540,0.013
9028.000,440,0.441,0.000,0.002,0.000,0.011,0.007,0.000,0.009,0.514,0.016
9029.000,420,0.457,0.000,0.002,0.000,0.010,0.000,0.005,0.002,0.517,0.007
9030.000,435,0.425,0.000,0.000,0.000,0.011,0.005,0.000,0.011,0.533,0.014
9031.000,390,0.423,0.000,0.000,0.000,0.008,0.008,0.003,0.015,0.538,0.005
9032.000,388,0.412,0.000,0.008,0.000,0.005,0.003,0.000,0.010,0.546,0.015
9033.000,368,0.424,0.000,0.005,0.000,0.024,0.003,0.000,0.011,0.514,0.019
9034.000,376,0.410,0.000,0.008,0.000,0.013,0.000,0.003,0.008,0.535,0.024
9035.000,365,0.433,0.000,0.003,0.000,0.025,0.000,0.000,0.008,0.523,0.008
9036.000,358,0.427,0.000,0.008,0.000,0.011,0.008,0.003,0.008,0.520,0.014
9037.000,324,0.432,0.000,0.012,0.000,0.012,0.003,0.003,0.022,0.497,0.019
9038.000,328,0.424,0.000,0.012,0.000,0.009,0.003,0.003,0.006,0.524,0.018
9039.000,300,0.417,0.000,0.003,0.000,0.017,0.000,0.000,0.003,0.550,0.010
9040.000,289,0.439,0.000,0.007,0.000,0.028,0.007,0.003,0.014,0.484,0.017
9041.000,260,0.446,0.000,0.004,0.000,0.012,0.008,0.004,0.015,0.508,0.004
9042.000,252,0.452,0.000,0.004,0.000,0.004,0.000,0.004,0.012,0.520,0.004
9043.000,225,0.440,0.000,0.004,0.000,0.031,0.004,0.004,0.018,0.476,0.022
9044.000,214,0.439,0.000,0.009,0.000,0.028,0.009,0.005,0.019,0.472,0.019
9045.000,225,0.427,0.000,0.004,0.000,0.009,0.004,0.000,0.009,0.529,0.018
9046.000,189,0.455,0.000,0.016,0.000,0.000,0.005,0.000,0.011,0.513,0.000
9047.000,171,0.456,0.000,0.006,0.000,0.012,0.018,0.000,0.006,0.503,0.000
9048.000,157,0.484,0.000,0.000,0.000,0.025,0.006,0.000,0.006,0.471,0.006
9049.000,178,0.416,0.000,0.000,0.000,0.011,0.006,0.000,0.006,0.534,0.028
9050.000,169,0.426,0.000,0.000,0.000,0.012,0.006,0.000,0.018,0.515,0.024
9051.000,169,0.396,0.000,0.012,0.000,0.024,0.000,0.000,0.006,0.550,0.012
9052.000,140,0.436,0.000,0.007,0.000,0.029,0.000,0.000,0.014,0.507,0.007
9053.000,123,0.472,0.000,0.000,0.000,0.008,0.000,0.000,0.008,0.504,0.008
9054.000,132,0.409,0.000,0.000,0.000,0.015,0.000,0.000,0.015,0.545,0.015
9055.000,121,0.455,0.000,0.008,0.000,0.025,0.000,0.000,0.008,0.496,0.008
9056.000,124,0.427,0.000,0.008,0.000,0.008,0.000,0.000,0.008,0.548,0.000
9057.000,115,0.487,0.000,0.009,0.000,0.017,0.000,0.000,0.009,0.470,0.009
9058.000,131,0.427,0.000,0.008,0.000,0.000,0.000,0.000,0.000,0.557,0.008
9059.000,117,0.453,0.000,0.017,0.000,0.009,0.000,0.017,0.000,0.504,0.000
9060.000,114,0.439,0.000,0.009,0.000,0.000,0.000,0.000,0.000,0.544,0.009
9061.000,120,0.408,0.000,0.025,0.000,0.008,0.008,0.000,0.000,0.533,0.017
9062.000,94,0.468,0.000,0.011,0.000,0.011,0.000,0.000,0.011,0.500,0.000
9063.000,106,0.434,0.000,0.000,0.000,0.019,0.000,0.000,0.009,0.528,0.009
9064.000,96,0.469,0.000,0.010,0.000,0.000,0.000,0.000,0.000,0.521,0.000
9065.000,85,0.482,0.000,0.000,0.000,0.000,0.000,0.000,0.000,0.518,0.000
9066.000,93,0.452,0.000,0.000,0.000,0.000,0.000,0.000,0.000,0.548,0.000
9067.000,93,0.452,0.000,0.000,0.000,0.022,0.000,0.000,0.000,0.527,0.000
9068.000,93,0.462,0.000,0.000,0.000,0.000,0.000,0.000,0.000,0.538,0.000
9069.000,80,0.450,0.000,0.000,0.000,0.000,0.000,0.000,0.000,0.550,0.000
9070.000,80,0.450,0.000,0.000,0.000,0.013,0.000,0.000,0.000,0.537,0.000
9071.000,87,0.460,0.000,0.000,0.000,0.011,0.000,0.000,0.000,0.529,0.000
9072.000,86,0.430,0.000,0.012,0.000,0.000,0.000,0.000,0.000,0.547,0.012
9073.000,82,0.427,0.000,0.000,0.000,0.000,0.012,0.000,0.012,0.537,0.012
9074.000,81,0.420,0.000,0.000,0.000,0.000,0.000,0.000,0.025,0.543,0.012
9075.000,79,0.443,0.000,0.000,0.000,0.025,0.000,0.000,0.000,0.506,0.025
9076.000,79,0.443,0.000,0.000,0.000,0.025,0.013,0.000,0.000,0.519,0.000
9077.000,73,0.452,0.000,0.014,0.000,0.027,0.000,0.000,0.000,0.493,0.014
9078.000,71,0.437,0.000,0.000,0.000,0.014,0.000,0.000,0.000,0.507,0.042
9079.000,77,0.416,0.000,0.000,0.000,0.026,0.000,0.000,0.013,0.519,0.026
9080.000,88,0.386,0.000,0.000,0.000,0.011,0.000,0.000,0.000,0.591,0.011
9081.000,83,0.398,0.000,0.000,0.000,0.012,0.000,0.000,0.000,0.578,0.012
9082.000,81,0.407,0.000,0.025,0.000,0.049,0.000,0.000,0.000,0.506,0.012
9083.000,75,0.360,0.000,0.000,0.000,0.000,0.000,0.000,0.000,0.613,0.027
9084.000,67,0.418,0.000,0.015,0.000,0.030,0.000,0.000,0.000,0.522,0.015
9085.000,72,0.389,0.000,0.014,0.000,0.000,0.000,0.000,0.000,0.583,0.014
9086.000,63,0.429,0.000,0.016,0.000,0.000,0.000,0.000,0.000,0.524,0.032
9087.000,63,0.381,0.000,0.000,0.000,0.000,0.000,0.000,0.016,0.587,0.016
9088.000,60,0.400,0.000,0.000,0.000,0.017,0.000,0.000,0.000,0.567,0.017
9089.000,71,0.352,0.000,0.000,0.000,0.000,0.000,0.000,0.000,0.634,0.014
9090.000,70,0.343,0.000,0.000,0.000,0.043,0.000,0.014,0.043,0.543,0.014
9091.000,73,0.342,0.000,0.027,0.000,0.027,0.000,0.000,0.000,0.589,0.014
9092.000,62,0.419,0.000,0.000,0.000,0.000,0.000,0.000,0.000,0.548,0.032
9093.000,62,0.387,0.000,0.000,0.000,0.016,0.000,0.016,0.000,0.565,0.016
9094.000,58,0.431,0.000,0.000,0.000,0.000,0.017,0.017,0.000,0.500,0.034
9095.000,53,0.415,0.000,0.000,0.000,0.038,0.038,0.019,0.000,0.434,0.057
9096.000,61,0.393,0.000,0.000,0.000,0.000,0.000,0.000,0.016,0.574,0.016
9099.000,55,0.364,0.000,0.000,0.000,0.018,0.000,0.000,0.000,0.600,0.018
9100.000,52,0.327,0.000,0.000,0.000,0.058,0.000,0.000,0.000,0.558,0.058
9801.000,209,0.455,0.000,0.014,0.000,0.005,0.005,0.005,0.000,0.517,0.000
9802.000,124,0.468,0.000,0.016,0.000,0.016,0.000,0.000,0.000,0.500,0.000
9803.000,83,0.470,0.000,0.012,0.000,0.012,0.000,0.000,0.000,0.494,0.012
9804.000,56,0.464,0.000,0.000,0.000,0.036,0.018,0.000,0.000,0.482,0.000
22175651.000,96,0.000,0.000,0.000,0.000,0.062,0.000,0.000,0.000,0.292,0.646
22232338.000,55,0.000,0.000,0.000,0.000,0.018,0.000,0.018,0.018,0.345,0.600
22235816.000,69,0.000,0.000,0.014,0.000,0.101,0.000,0.000,0.232,0.188,0.464
22507995.000,131,0.000,0.000,0.038,0.000,0.267,0.000,0.160,0.252,0.267,0.015
22508873.000,101,0.000,0.000,0.000,0.000,0.000,0.000,0.970,0.030,0.000,0.000
22510198.000,64,0.000,0.000,0.000,0.000,0.000,0.000,0.000,0.000,0.547,0.453
22513537.000,70,0.000,0.000,0.486,0.014,0.043,0.014,0.029,0.043,0.000,0.371
22520558.000,72,0.000,0.000,0.000,0.000,0.153,0.000,0.014,0.042,0.472,0.319
22521288.000,238,0.034,0.008,0.008,0.013,0.063,0.008,0.273,0.500,0.084,0.008
22527250.000,64,0.000,0.000,0.000,0.000,0.016,0.000,0.000,0.000,0.469,0.516
22536603.000,98,0.031,0.000,0.041,0.000,0.020,0.000,0.000,0.031,0.418,0.459
22547014.000,59,0.000,0.000,0.000,0.000,0.085,0.000,0.000,0.034,0.119,0.763
22553066.000,76,0.000,0.000,0.000,0.000,0.000,0.000,0.000,0.000,0.368,0.632
22554517.000,60,0.000,0.000,0.000,0.000,0.000,0.000,0.000,0.000,0.050,0.950
22556663.000,162,0.000,0.000,0.012,0.000,0.068,0.000,0.037,0.080,0.272,0.531
22566519.000,58,0.000,0.000,0.345,0.000,0.069,0.000,0.000,0.190,0.000,0.397
22596390.000,123,0.000,0.000,0.089,0.000,0.000,0.000,0.033,0.000,0.317,0.561
22598204.000,122,0.000,0.000,0.033,0.000,0.000,0.000,0.000,0.016,0.123,0.828
22600166.000,148,0.000,0.007,0.115,0.000,0.074,0.135,0.365,0.250,0.007,0.047
22600368.000,55,0.000,0.000,0.018,0.000,0.000,0.000,0.055,0.000,0.200,0.727
22601082.000,70,0.043,0.029,0.114,0.043,0.229,0.029,0.171,0.071,0.014,0.257
22680213.000,69,0.014,0.000,0.072,0.000,0.072,0.000,0.101,0.101,0.087,0.551
22697965.000,79,0.253,0.000,0.114,0.013,0.203,0.000,0.190,0.051,0.127,0.051
22761073.000,67,0.000,0.000,0.015,0.000,0.030,0.090,0.627,0.209,0.015,0.015
22761092.000,102,0.020,0.000,0.049,0.000,0.137,0.000,0.020,0.186,0.373,0.216
22764866.000,60,0.000,0.000,0.033,0.017,0.383,0.000,0.467,0.033,0.000,0.067
22766145.000,81,0.000,0.000,0.395,0.000,0.148,0.012,0.247,0.148,0.000,0.049
22768570.000,55,0.000,0.000,0.055,0.018,0.182,0.000,0.055,0.164,0.127,0.400
22769536.000,52,0.000,0.000,0.000,0.000,0.000,0.000,0.288,0.135,0.000,0.577
22771010.000,63,0.000,0.000,0.381,0.000,0.000,0.000,0.063,0.556,0.000,0.000
22771023.000,118,0.000,0.008,0.144,0.000,0.356,0.093,0.059,0.034,0.237,0.068
22772616.000,141,0.007,0.000,0.050,0.007,0.014,0.128,0.730,0.014,0.000,0.050
22774840.000,90,0.000,0.033,0.011,0.000,0.067,0.011,0.267,0.222,0.000,0.389
22776113.000,91,0.000,0.033,0.033,0.000,0.462,0.044,0.011,0.418,0.000,0.000
22777151.000,61,0.000,0.000,0.033,0.016,0.066,0.000,0.279,0.557,0.033,0.016
22777882.000,82,0.000,0.000,0.244,0.000,0.110,0.098,0.037,0.378,0.110,0.024
22777947.000,53,0.000,0.000,0.000,0.019,0.736,0.000,0.113,0.019,0.113,0.000
22779577.000,52,0.058,0.019,0.269,0.019,0.269,0.000,0.173,0.173,0.000,0.019
22796198.000,52,0.019,0.019,0.038,0.000,0.327,0.269,0.115,0.096,0.000,0.115
22797729.000,102,0.000,0.010,0.069,0.000,0.108,0.490,0.098,0.167,0.010,0.049
22798696.000,71,0.014,0.000,0.085,0.000,0.211,0.310,0.014,0.141,0.014,0.211
22799295.000,61,0.311,0.049,0.000,0.016,0.328,0.033,0.000,0.213,0.016,0.033
23256829.000,61,0.000,0.000,0.033,0.016,0.541,0.016,0.049,0.000,0.180,0.164
23412986.000,53,0.000,0.000,0.075,0.000,0.226,0.000,0.019,0.000,0.377,0.302
23452641.000,67,0.000,0.000,0.000,0.000,0.284,0.000,0.104,0.045,0.254,0.313
23581919.000,66,0.000,0.000,0.000,0.000,0.076,0.000,0.000,0.000,0.409,0.515
23621010.000,338,0.018,0.003,0.089,0.056,0.160,0.027,0.127,0.095,0.382,0.044
23623949.000,57,0.000,0.000,0.000,0.000,0.000,0.000,0.000,0.000,0.088,0.912
23631326.000,68,0.000,0.000,0.000,0.000,0.000,0.000,0.000,0.000,0.324,0.676
23637970.000,53,0.000,0.000,0.000,0.000,0.113,0.000,0.000,0.000,0.226,0.660
23643868.000,60,0.033,0.017,0.017,0.000,0.017,0.000,0.000,0.033,0.267,0.617
23655363.000,63,0.016,0.000,0.000,0.000,0.032,0.000,0.000,0.000,0.444,0.508
23696813.000,88,0.000,0.000,0.000,0.000,0.023,0.000,0.000,0.000,0.352,0.625
23916066.000,166,0.000,0.000,0.012,0.000,0.120,0.012,0.018,0.006,0.229,0.602
23962813.000,59,0.000,0.000,0.000,0.000,0.017,0.000,0.000,0.051,0.305,0.627
25317172.000,90,0.000,0.000,0.000,0.000,0.011,0.000,0.000,0.000,0.022,0.967
25552330.000,52,0.019,0.000,0.000,0.000,0.019,0.000,0.000,0.019,0.231,0.712
26519070.000,71,0.000,0.000,0.014,0.000,0.169,0.000,0.000,0.000,0.099,0.718
26601501.000,64,0.000,0.000,0.000,0.000,0.047,0.000,0.000,0.062,0.594,0.297
26812029.000,89,0.000,0.000,0.045,0.011,0.360,0.090,0.045,0.079,0.090,0.281
26861601.000,63,0.000,0.000,0.095,0.000,0.016,0.635,0.111,0.127,0.000,0.016
27043052.000,52,0.000,0.000,0.000,0.000,0.000,0.038,0.000,0.000,0.519,0.442
27080086.000,60,0.000,0.000,0.033,0.000,0.117,0.000,0.000,0.033,0.100,0.717
27083214.000,64,0.000,0.000,0.000,0.000,0.266,0.000,0.000,0.016,0.516,0.203
27087228.000,53,0.000,0.000,0.000,0.000,0.000,0.245,0.245,0.358,0.113,0.038
27205042.000,57,0.018,0.000,0.000,0.000,0.018,0.000,0.000,0.000,0.702,0.263
27207357.000,74,0.000,0.000,0.000,0.000,0.014,0.014,0.000,0.108,0.554,0.311
27220510.000,89,0.011,0.011,0.000,0.000,0.011,0.000,0.000,0.000,0.292,0.674
27224397.000,86,0.000,0.000,0.000,0.000,0.023,0.000,0.023,0.070,0.558,0.326
27297491.000,58,0.000,0.000,0.000,0.000,0.052,0.000,0.000,0.000,0.328,0.621
27322754.000,58,0.000,0.000,0.000,0.000,0.052,0.000,0.000,0.000,0.414,0.534
27372537.000,78,0.000,0.000,0.000,0.000,0.282,0.000,0.000,0.064,0.282,0.372
27547919.000,106,0.000,0.000,0.000,0.000,0.009,0.000,0.019,0.085,0.500,0.387
27556185.000,52,0.000,0.000,0.000,0.000,0.019,0.000,0.846,0.077,0.000,0.058
27719613.000,57,0.000,0.000,0.000,0.000,0.000,0.000,0.000,0.035,0.333,0.632
27732326.000,80,0.013,0.000,0.000,0.000,0.075,0.000,0.000,0.025,0.388,0.500
28322746.000,71,0.000,0.000,0.000,0.000,0.000,0.000,0.014,0.000,0.296,0.690
29014275.000,117,0.017,0.000,0.077,0.017,0.291,0.094,0.145,0.265,0.051,0.043
29083906.000,82,0.024,0.012,0.049,0.012,0.415,0.073,0.134,0.220,0.037,0.024
29310679.000,62,0.000,0.000,0.000,0.000,0.000,0.000,0.000,0.000,0.145,0.855
29337766.000,54,0.000,0.000,0.000,0.000,0.074,0.000,0.000,0.000,0.259,0.667
29377536.000,65,0.000,0.000,0.000,0.000,0.000,0.000,0.000,0.000,0.523,0.477
29569735.000,71,0.028,0.000,0.056,0.028,0.254,0.028,0.197,0.169,0.085,0.155
29578172.000,107,0.000,0.000,0.047,0.000,0.019,0.000,0.009,0.019,0.308,0.598
29648346.000,57,0.000,0.000,0.000,0.000,0.000,0.000,0.035,0.105,0.772,0.088
29663552.000,283,0.004,0.004,0.007,0.000,0.138,0.053,0.025,0.240,0.039,0.491
29900938.000,56,0.000,0.000,0.036,0.000,0.500,0.321,0.107,0.036,0.000,0.000
29902131.000,105,0.000,0.000,0.010,0.000,0.038,0.171,0.038,0.705,0.038,0.000
29903796.000,76,0.013,0.000,0.158,0.013,0.026,0.013,0.079,0.632,0.053,0.013
29906104.000,182,0.000,0.005,0.066,0.011,0.451,0.000,0.159,0.297,0.000,0.011
29906196.000,62,0.000,0.000,0.000,0.000,0.000,0.000,0.000,0.000,0.661,0.339
29906441.000,53,0.000,0.000,0.038,0.113,0.038,0.000,0.811,0.000,0.000,0.000
29906638.000,72,0.000,0.000,0.042,0.472,0.153,0.000,0.042,0.194,0.000,0.097
29906798.000,86,0.000,0.000,0.000,0.000,0.058,0.000,0.000,0.000,0.558,0.384
29907455.000,57,0.088,0.000,0.070,0.018,0.404,0.000,0.158,0.035,0.193,0.035
29908366.000,171,0.000,0.000,0.012,0.000,0.813,0.000,0.146,0.023,0.000,0.006
29908732.000,100,0.000,0.000,0.050,0.070,0.670,0.000,0.110,0.030,0.040,0.030
29910251.000,53,0.000,0.038,0.094,0.000,0.019,0.000,0.547,0.208,0.057,0.038
29915461.000,107,0.000,0.019,0.505,0.028,0.140,0.000,0.000,0.065,0.000,0.243
29916115.000,72,0.000,0.014,0.014,0.000,0.125,0.111,0.361,0.319,0.014,0.042
29916460.000,61,0.000,0.000,0.164,0.000,0.492,0.082,0.082,0.000,0.066,0.115
29919012.000,90,0.000,0.000,0.022,0.022,0.033,0.111,0.089,0.644,0.000,0.078
29920276.000,52,0.019,0.000,0.077,0.000,0.596,0.077,0.019,0.173,0.000,0.038
29921557.000,72,0.056,0.000,0.028,0.000,0.417,0.028,0.000,0.125,0.167,0.181
29923177.000,70,0.014,0.000,0.343,0.029,0.257,0.043,0.200,0.057,0.000,0.057
29924348.000,122,0.000,0.008,0.213,0.066,0.016,0.000,0.393,0.221,0.057,0.025
29924397.000,67,0.045,0.000,0.015,0.000,0.209,0.000,0.000,0.090,0.433,0.209
29925677.000,61,0.000,0.000,0.049,0.016,0.033,0.164,0.000,0.738,0.000,0.000
29925853.000,51,0.000,0.000,0.000,0.000,0.078,0.039,0.000,0.882,0.000,0.000
29926887.000,82,0.000,0.012,0.134,0.000,0.110,0.061,0.256,0.220,0.146,0.061
29927615.000,134,0.000,0.201,0.179,0.000,0.015,0.000,0.493,0.022,0.000,0.090
29927623.000,52,0.000,0.038,0.346,0.000,0.250,0.058,0.192,0.058,0.038,0.019
29929826.000,57,0.000,0.035,0.070,0.123,0.404,0.018,0.088,0.193,0.018,0.053
29933553.000,68,0.000,0.015,0.235,0.015,0.191,0.000,0.118,0.426,0.000,0.000
29936480.000,66,0.000,0.000,0.000,0.000,0.076,0.000,0.000,0.894,0.015,0.015
29939252.000,53,0.000,0.019,0.000,0.019,0.038,0.189,0.509,0.189,0.000,0.038
29942749.000,71,0.042,0.000,0.000,0.014,0.211,0.000,0.099,0.028,0.521,0.085
29942952.000,71,0.000,0.000,0.000,0.169,0.056,0.225,0.056,0.451,0.000,0.042
29945918.000,55,0.000,0.000,0.127,0.018,0.236,0.127,0.164,0.182,0.000,0.145
29948322.000,193,0.062,0.000,0.021,0.000,0.010,0.000,0.000,0.000,0.585,0.321
29948663.000,54,0.000,0.000,0.315,0.000,0.037,0.037,0.537,0.056,0.000,0.019
29949228.000,238,0.008,0.000,0.021,0.097,0.361,0.000,0.164,0.227,0.042,0.080
29949899.000,133,0.000,0.000,0.008,0.053,0.053,0.233,0.083,0.444,0.128,0.000
29964830.000,64,0.000,0.016,0.031,0.266,0.094,0.312,0.062,0.203,0.000,0.016
29968146.000,121,0.000,0.000,0.099,0.008,0.240,0.041,0.405,0.157,0.025,0.025
29968662.000,100,0.000,0.000,0.100,0.050,0.140,0.010,0.190,0.440,0.020,0.050
29969761.000,53,0.000,0.000,0.019,0.057,0.075,0.075,0.642,0.094,0.000,0.038
29970828.000,60,0.000,0.000,0.000,0.017,0.433,0.067,0.050,0.433,0.000,0.000
29971510.000,116,0.000,0.000,0.224,0.121,0.017,0.043,0.034,0.422,0.052,0.086
29975808.000,53,0.000,0.000,0.113,0.000,0.000,0.075,0.000,0.698,0.113,0.000
29976265.000,85,0.000,0.000,0.106,0.082,0.106,0.012,0.235,0.141,0.294,0.024
29978981.000,75,0.000,0.000,0.147,0.000,0.187,0.067,0.093,0.133,0.107,0.267
29979576.000,60,0.017,0.000,0.000,0.000,0.100,0.000,0.067,0.033,0.267,0.517
29985277.000,112,0.000,0.000,0.089,0.000,0.000,0.000,0.830,0.080,0.000,0.000
29987278.000,54,0.000,0.000,0.167,0.000,0.000,0.056,0.556,0.185,0.037,0.000
29989871.000,68,0.000,0.000,0.206,0.015,0.176,0.000,0.059,0.103,0.015,0.426
29990660.000,53,0.000,0.000,0.113,0.019,0.038,0.019,0.377,0.113,0.038,0.283
33602366.000,64,0.000,0.000,0.078,0.109,0.109,0.109,0.281,0.141,0.000,0.172
82525633.000,56,0.000,0.036,0.000,0.000,0.107,0.000,0.018,0.089,0.107,0.643
85216952.000,54,0.019,0.000,0.352,0.037,0.130,0.111,0.000,0.241,0.000,0.111
86713899.000,80,0.000,0.000,0.000,0.000,0.013,0.000,0.000,0.175,0.312,0.500
86844317.000,56,0.018,0.036,0.000,0.018,0.054,0.107,0.089,0.625,0.000,0.054
86848725.000,161,0.019,0.000,0.025,0.000,0.000,0.012,0.776,0.143,0.019,0.006
86851736.000,115,0.000,0.000,0.087,0.017,0.148,0.035,0.443,0.252,0.017,0.000
86860880.000,68,0.000,0.221,0.044,0.000,0.206,0.000,0.368,0.103,0.044,0.015
86861006.000,86,0.012,0.000,0.058,0.360,0.140,0.058,0.058,0.256,0.023,0.035
86867277.000,72,0.000,0.000,0.056,0.000,0.278,0.236,0.042,0.333,0.000,0.056
86867650.000,63,0.000,0.000,0.000,0.000,0.365,0.143,0.016,0.444,0.016,0.016
87801992.000,55,0.000,0.000,0.000,0.000,0.418,0.000,0.018,0.000,0.273,0.291
89123389.000,149,0.000,0.000,0.007,0.000,0.114,0.000,0.000,0.000,0.342,0.537
89901699.000,51,0.000,0.000,0.275,0.078,0.196,0.039,0.000,0.157,0.000,0.255
89915975.000,106,0.000,0.028,0.038,0.057,0.302,0.066,0.028,0.028,0.000,0.453
89916079.000,52,0.000,0.000,0.346,0.000,0.000,0.058,0.288,0.212,0.077,0.019
89919841.000,61,0.016,0.049,0.016,0.279,0.246,0.148,0.033,0.164,0.000,0.049
89922518.000,81,0.000,0.000,0.062,0.049,0.321,0.012,0.272,0.136,0.111,0.037
89933976.000,65,0.000,0.000,0.108,0.000,0.431,0.046,0.292,0.015,0.046,0.062
89935022.000,97,0.010,0.000,0.072,0.000,0.546,0.103,0.031,0.124,0.031,0.082
89942864.000,80,0.000,0.000,0.400,0.025,0.163,0.000,0.362,0.037,0.000,0.013
102023968.000,60,0.000,0.000,0.183,0.000,0.317,0.033,0.183,0.133,0.000,0.150
226183591.000,58,0.000,0.000,0.086,0.000,0.052,0.000,0.034,0.000,0.052,0.776
900172123.000,58,0.000,0.000,0.000,0.017,0.000,0.000,0.017,0.000,0.948,0.017
903201979.000,56,0.000,0.000,0.054,0.000,0.125,0.464,0.000,0.268,0.018,0.071
903291773.000,367,0.035,0.025,0.120,0.019,0.542,0.016,0.087,0.033,0.049,0.074
903510024.000,89,0.022,0.000,0.022,0.000,0.000,0.000,0.000,0.000,0.247,0.708
903710918.000,65,0.108,0.000,0.015,0.000,0.062,0.000,0.046,0.123,0.615,0.031
905121110.000,51,0.000,0.000,0.000,0.000,0.000,0.000,0.000,0.000,0.353,0.647
906970616.000,137,0.015,0.015,0.073,0.029,0.321,0.029,0.285,0.139,0.029,0.066
908121898.000,54,0.000,0.000,0.000,0.000,0.074,0.000,0.000,0.019,0.556,0.352
908178938.000,96,0.000,0.000,0.000,0.000,0.000,0.000,0.000,0.000,0.083,0.917
909029681.000,61,0.000,0.000,0.000,0.000,0.049,0.000,0.000,0.246,0.410,0.295
909210322.000,52,0.000,0.000,0.038,0.038,0.077,0.019,0.173,0.327,0.096,0.231
909501431.000,54,0.000,0.000,0.000,0.000,0.000,0.000,0.056,0.000,0.037,0.907
909771179.000,51,0.000,0.000,0.000,0.000,0.451,0.000,0.000,0.000,0.471,0.078
910000386.000,54,0.000,0.000,0.000,0.000,0.019,0.000,0.000,0.000,0.426,0.556
910001942.000,68,0.000,0.000,0.000,0.000,0.000,0.000,0.000,0.000,0.162,0.838
910072835.000,60,0.000,0.000,0.000,0.000,0.000,0.000,0.000,0.000,0.117,0.883
910078058.000,57,0.000,0.000,0.000,0.000,0.070,0.000,0.000,0.000,0.316,0.614
910160015.000,55,0.000,0.000,0.000,0.000,0.000,0.000,0.000,0.000,0.200,0.800
910162628.000,59,0.000,0.000,0.000,0.000,0.000,0.000,0.017,0.051,0.237,0.695
910168888.000,68,0.000,0.000,0.015,0.000,0.000,0.000,0.118,0.015,0.088,0.765
910191936.000,51,0.000,0.000,0.020,0.000,0.000,0.000,0.216,0.000,0.569,0.196
910210953.000,56,0.054,0.000,0.000,0.000,0.125,0.036,0.036,0.054,0.464,0.232
910276108.000,58,0.000,0.000,0.000,0.000,0.000,0.000,0.000,0.017,0.534,0.448
910348839.000,69,0.000,0.000,0.000,0.000,0.058,0.014,0.029,0.101,0.232,0.565
910965086.000,52,0.000,0.000,0.000,0.000,0.000,0.000,0.000,0.000,0.000,1.000
911201022.000,70,0.000,0.000,0.043,0.000,0.043,0.000,0.100,0.071,0.357,0.386
911288980.000,87,0.000,0.000,0.011,0.000,0.069,0.000,0.000,0.000,0.494,0.425
911328731.000,99,0.000,0.000,0.000,0.000,0.000,0.000,0.000,0.000,0.444,0.556
911505503.000,94,0.000,0.000,0.000,0.000,0.064,0.000,0.000,0.000,0.234,0.702
911563036.000,65,0.000,0.000,0.031,0.000,0.000,0.000,0.000,0.046,0.169,0.754
911580527.000,86,0.000,0.000,0.035,0.105,0.128,0.000,0.279,0.209,0.221,0.023
911585711.000,51,0.000,0.000,0.059,0.000,0.000,0.000,0.000,0.000,0.137,0.804
911813136.000,61,0.016,0.000,0.000,0.000,0.016,0.000,0.000,0.000,0.000,0.967
912058853.000,62,0.000,0.000,0.000,0.000,0.000,0.000,0.000,0.000,0.161,0.839
912121863.000,57,0.000,0.000,0.000,0.000,0.000,0.000,0.000,0.018,0.263,0.719
912246863.000,57,0.000,0.000,0.000,0.000,0.000,0.000,0.000,0.000,0.035,0.965
912271468.000,85,0.000,0.000,0.000,0.000,0.153,0.000,0.000,0.012,0.071,0.765
912291988.000,134,0.000,0.000,0.000,0.000,0.007,0.015,0.000,0.000,0.343,0.634
912411312.000,91,0.000,0.000,0.011,0.000,0.187,0.044,0.110,0.242,0.066,0.341
912560728.000,62,0.000,0.000,0.032,0.000,0.000,0.000,0.000,0.000,0.452,0.516
912565583.000,94,0.000,0.000,0.000,0.000,0.011,0.000,0.000,0.000,0.532,0.457
912576792.000,51,0.039,0.020,0.039,0.000,0.000,0.000,0.000,0.000,0.412,0.490
912805151.000,59,0.000,0.000,0.000,0.000,0.000,0.000,0.000,0.017,0.288,0.695
912837372.000,54,0.019,0.000,0.000,0.000,0.111,0.019,0.000,0.037,0.296,0.519
913758388.000,54,0.000,0.000,0.056,0.000,0.056,0.000,0.037,0.685,0.037,0.130
913869176.000,56,0.000,0.000,0.000,0.000,0.054,0.000,0.000,0.018,0.482,0.446
915097062.000,69,0.000,0.000,0.000,0.000,0.014,0.000,0.029,0.029,0.464,0.464
915195223.000,51,0.000,0.039,0.020,0.000,0.020,0.000,0.000,0.059,0.314,0.549
915779900.000,71,0.000,0.000,0.014,0.000,0.014,0.000,0.000,0.000,0.099,0.873
915842665.000,63,0.016,0.000,0.000,0.000,0.222,0.000,0.032,0.016,0.222,0.492
915969508.000,65,0.000,0.000,0.000,0.000,0.062,0.015,0.015,0.000,0.200,0.708
915993810.000,75,0.040,0.000,0.000,0.000,0.187,0.000,0.000,0.000,0.533,0.240
916100096.000,87,0.161,0.023,0.023,0.000,0.391,0.000,0.000,0.000,0.345,0.057
916141106.000,124,0.048,0.000,0.024,0.000,0.476,0.024,0.016,0.097,0.226,0.089
916164448.000,106,0.000,0.000,0.000,0.000,0.019,0.000,0.000,0.000,0.538,0.443
916283767.000,51,0.000,0.000,0.000,0.000,0.157,0.000,0.000,0.000,0.471,0.373
916340976.000,82,0.024,0.000,0.000,0.000,0.341,0.000,0.000,0.000,0.476,0.159
916505843.000,74,0.000,0.000,0.000,0.000,0.068,0.000,0.014,0.000,0.108,0.811
916512151.000,62,0.000,0.000,0.000,0.000,0.226,0.016,0.016,0.629,0.032,0.081
916607362.000,104,0.010,0.000,0.077,0.019,0.394,0.000,0.144,0.000,0.000,0.356
916717022.000,98,0.010,0.000,0.010,0.000,0.000,0.000,0.010,0.000,0.306,0.663
916815233.000,133,0.000,0.008,0.105,0.165,0.647,0.038,0.000,0.038,0.000,0.000
916988450.000,87,0.023,0.034,0.034,0.000,0.057,0.195,0.080,0.000,0.368,0.207
917009078.000,66,0.015,0.015,0.152,0.000,0.136,0.000,0.091,0.015,0.197,0.379
917185916.000,64,0.000,0.000,0.000,0.000,0.016,0.000,0.000,0.000,0.297,0.688
917215022.000,60,0.000,0.000,0.017,0.000,0.033,0.000,0.000,0.017,0.450,0.483
917275852.000,61,0.000,0.000,0.131,0.016,0.393,0.016,0.016,0.066,0.213,0.148
917587023.000,94,0.000,0.000,0.011,0.000,0.032,0.021,0.011,0.085,0.574,0.266
917590502.000,86,0.000,0.023,0.047,0.012,0.291,0.000,0.000,0.337,0.128,0.163
917755706.000,97,0.000,0.000,0.000,0.000,0.052,0.000,0.000,0.010,0.412,0.526
917767065.000,65,0.000,0.000,0.000,0.000,0.077,0.015,0.000,0.031,0.508,0.369
917771988.000,53,0.000,0.000,0.000,0.000,0.094,0.000,0.000,0.038,0.528,0.340
917957179.000,87,0.000,0.000,0.034,0.011,0.023,0.000,0.000,0.034,0.632,0.264
918060030.000,62,0.000,0.000,0.016,0.016,0.065,0.000,0.016,0.000,0.532,0.355
918126566.000,52,0.019,0.000,0.000,0.000,0.000,0.000,0.077,0.000,0.654,0.250
918140469.000,73,0.000,0.000,0.014,0.000,0.000,0.000,0.000,0.000,0.397,0.589
918227468.000,51,0.000,0.000,0.000,0.000,0.020,0.000,0.000,0.078,0.451,0.451
918306530.000,72,0.000,0.000,0.014,0.000,0.042,0.042,0.000,0.556,0.056,0.292
918320015.000,54,0.000,0.000,0.000,0.000,0.019,0.000,0.000,0.019,0.037,0.926
918339719.000,70,0.014,0.000,0.014,0.000,0.071,0.029,0.000,0.143,0.314,0.414
918388098.000,85,0.000,0.024,0.059,0.035,0.447,0.000,0.047,0.047,0.306,0.035
918402637.000,59,0.000,0.000,0.000,0.000,0.017,0.000,0.000,0.000,0.492,0.492
918525309.000,77,0.143,0.000,0.078,0.000,0.052,0.000,0.117,0.000,0.156,0.455
918667836.000,52,0.000,0.000,0.019,0.000,0.308,0.000,0.000,0.000,0.250,0.423
918779627.000,88,0.000,0.000,0.000,0.000,0.023,0.000,0.000,0.000,0.261,0.716
918798003.000,67,0.015,0.000,0.000,0.000,0.000,0.000,0.000,0.000,0.388,0.597
918838666.000,58,0.069,0.000,0.086,0.017,0.483,0.034,0.034,0.121,0.017,0.138
919200026.000,63,0.016,0.000,0.016,0.000,0.349,0.032,0.159,0.143,0.143,0.143
919206666.000,60,0.000,0.000,0.017,0.000,0.000,0.000,0.433,0.550,0.000,0.000
919342936.000,109,0.000,0.000,0.009,0.000,0.055,0.000,0.000,0.000,0.358,0.578
919343177.000,56,0.000,0.000,0.000,0.000,0.018,0.000,0.000,0.000,0.411,0.571
919358662.000,90,0.000,0.000,0.000,0.000,0.000,0.000,0.000,0.000,0.167,0.833
919360206.000,90,0.000,0.000,0.000,0.000,0.011,0.011,0.011,0.000,0.211,0.756
919387192.000,68,0.000,0.000,0.000,0.000,0.103,0.059,0.015,0.044,0.544,0.235
919493030.000,62,0.000,0.000,0.000,0.000,0.000,0.000,0.000,0.000,0.065,0.935
919541775.000,93,0.000,0.000,0.054,0.032,0.000,0.000,0.903,0.011,0.000,0.000
919589762.000,56,0.000,0.000,0.000,0.000,0.018,0.000,0.000,0.000,0.375,0.607
919706118.000,89,0.011,0.000,0.022,0.000,0.045,0.640,0.202,0.056,0.011,0.011
919792646.000,60,0.000,0.000,0.000,0.000,0.117,0.000,0.000,0.000,0.300,0.583
919814662.000,70,0.000,0.014,0.029,0.029,0.071,0.471,0.157,0.143,0.014,0.071
919982703.000,65,0.015,0.000,0.108,0.000,0.015,0.000,0.246,0.000,0.415,0.200
919982878.000,68,0.000,0.000,0.000,0.000,0.368,0.000,0.000,0.147,0.368,0.118
919984577.000,69,0.000,0.000,0.043,0.000,0.043,0.000,0.000,0.043,0.391,0.478
919989134.000,76,0.000,0.000,0.000,0.000,0.000,0.000,0.000,0.000,0.158,0.842
920097989.000,63,0.000,0.000,0.000,0.000,0.000,0.000,0.032,0.000,0.508,0.460
920129730.000,52,0.000,0.000,0.000,0.000,0.038,0.000,0.000,0.000,0.231,0.731
920179471.000,58,0.000,0.000,0.052,0.000,0.000,0.017,0.914,0.000,0.017,0.000
920183973.000,138,0.000,0.000,0.000,0.000,0.014,0.000,0.022,0.000,0.659,0.304
920227237.000,80,0.013,0.000,0.000,0.000,0.000,0.000,0.000,0.037,0.225,0.725
920307151.000,74,0.000,0.000,0.000,0.000,0.108,0.000,0.000,0.000,0.095,0.797
920322158.000,72,0.000,0.000,0.000,0.000,0.000,0.000,0.000,0.000,0.347,0.653
920379024.000,57,0.000,0.000,0.000,0.000,0.018,0.000,0.000,0.000,0.632,0.351
920380571.000,77,0.000,0.000,0.000,0.000,0.026,0.000,0.000,0.000,0.364,0.610
920454333.000,58,0.017,0.000,0.000,0.000,0.000,0.000,0.000,0.000,0.431,0.552
920651156.000,53,0.019,0.000,0.000,0.000,0.075,0.000,0.000,0.019,0.547,0.340
920706947.000,55,0.000,0.000,0.000,0.000,0.800,0.000,0.018,0.182,0.000,0.000
920857347.000,53,0.000,0.000,0.000,0.000,0.019,0.000,0.019,0.000,0.491,0.472
920870658.000,55,0.000,0.000,0.091,0.000,0.036,0.000,0.018,0.000,0.382,0.473
920886731.000,74,0.000,0.000,0.000,0.000,0.000,0.000,0.000,0.014,0.243,0.743
920928697.000,51,0.000,0.000,0.020,0.000,0.000,0.039,0.000,0.000,0.196,0.745
920987250.000,56,0.000,0.000,0.000,0.000,0.071,0.482,0.018,0.339,0.071,0.018
921047686.000,95,0.011,0.000,0.011,0.000,0.495,0.021,0.095,0.305,0.042,0.021
921155767.000,51,0.000,0.000,0.000,0.000,0.000,0.000,0.000,0.039,0.255,0.706
921158088.000,51,0.000,0.000,0.000,0.000,0.020,0.000,0.000,0.000,0.392,0.588
921237949.000,68,0.029,0.000,0.015,0.000,0.485,0.147,0.059,0.029,0.176,0.059
921295388.000,65,0.000,0.000,0.000,0.000,0.031,0.000,0.000,0.123,0.446,0.400
921318707.000,92,0.022,0.000,0.000,0.000,0.022,0.000,0.011,0.011,0.348,0.587
921814313.000,55,0.000,0.000,0.000,0.000,0.000,0.000,0.000,0.000,0.055,0.945
921830305.000,67,0.000,0.000,0.030,0.000,0.149,0.000,0.000,0.045,0.313,0.463
922023082.000,68,0.015,0.000,0.000,0.000,0.000,0.029,0.000,0.015,0.309,0.632
922093971.000,69,0.014,0.000,0.014,0.000,0.029,0.029,0.029,0.043,0.130,0.710
922164875.000,97,0.000,0.000,0.000,0.000,0.134,0.000,0.000,0.000,0.258,0.608
922178558.000,51,0.000,0.000,0.000,0.000,0.020,0.000,0.000,0.000,0.510,0.471
922233173.000,51,0.000,0.000,0.000,0.000,0.039,0.000,0.000,0.000,0.353,0.608
922241299.000,83,0.036,0.000,0.012,0.000,0.133,0.000,0.084,0.012,0.530,0.193
922270001.000,64,0.000,0.016,0.016,0.031,0.094,0.016,0.031,0.781,0.000,0.016
922270111.000,53,0.019,0.000,0.057,0.000,0.019,0.226,0.057,0.547,0.075,0.000
922359323.000,68,0.000,0.000,0.000,0.000,0.015,0.000,0.000,0.000,0.309,0.676
922410202.000,64,0.016,0.000,0.031,0.000,0.047,0.000,0.000,0.000,0.266,0.641
922519828.000,51,0.000,0.000,0.020,0.000,0.000,0.000,0.000,0.000,0.490,0.490
922572954.000,89,0.000,0.000,0.000,0.000,0.011,0.000,0.000,0.045,0.506,0.438
922585102.000,97,0.000,0.000,0.041,0.000,0.289,0.000,0.000,0.031,0.309,0.330
922757209.000,69,0.029,0.000,0.000,0.000,0.014,0.000,0.000,0.000,0.261,0.696
922904704.000,107,0.000,0.000,0.000,0.000,0.065,0.000,0.000,0.000,0.402,0.533
922935660.000,61,0.033,0.000,0.016,0.016,0.098,0.000,0.000,0.000,0.393,0.443
923155788.000,58,0.017,0.000,0.052,0.086,0.155,0.207,0.310,0.155,0.017,0.000
925105711.000,57,0.000,0.000,0.000,0.000,0.000,0.000,0.000,0.000,0.509,0.491
925482121.000,52,0.000,0.000,0.019,0.000,0.000,0.000,0.000,0.942,0.000,0.038
925770551.000,63,0.000,0.000,0.095,0.000,0.032,0.000,0.016,0.000,0.254,0.603
925883181.000,54,0.019,0.000,0.019,0.000,0.241,0.000,0.148,0.000,0.444,0.130
925893390.000,56,0.000,0.000,0.000,0.000,0.018,0.018,0.018,0.125,0.607,0.214
926109288.000,61,0.016,0.000,0.000,0.000,0.000,0.000,0.115,0.000,0.574,0.295
926286148.000,59,0.000,0.000,0.000,0.000,0.000,0.000,0.000,0.000,0.424,0.576
926293366.000,58,0.000,0.000,0.034,0.000,0.017,0.000,0.086,0.069,0.379,0.414
926435095.000,52,0.000,0.000,0.038,0.000,0.615,0.058,0.115,0.077,0.038,0.058
926550923.000,54,0.000,0.000,0.000,0.000,0.000,0.000,0.019,0.000,0.296,0.685
926672890.000,84,0.000,0.000,0.024,0.000,0.155,0.000,0.000,0.333,0.321,0.167
926700670.000,51,0.000,0.000,0.000,0.000,0.000,0.000,0.000,0.000,0.255,0.745
926801169.000,221,0.072,0.000,0.063,0.023,0.036,0.000,0.027,0.050,0.457,0.271
926869129.000,64,0.000,0.000,0.000,0.000,0.031,0.000,0.000,0.031,0.484,0.453
926925848.000,51,0.020,0.000,0.000,0.000,0.020,0.000,0.000,0.137,0.333,0.490
927025598.000,54,0.000,0.000,0.000,0.000,0.074,0.037,0.000,0.000,0.537,0.352
927039031.000,81,0.012,0.012,0.037,0.000,0.049,0.000,0.086,0.025,0.593,0.185
927097662.000,71,0.000,0.000,0.000,0.000,0.014,0.000,0.000,0.000,0.592,0.394
927370527.000,147,0.000,0.000,0.027,0.000,0.034,0.014,0.864,0.054,0.007,0.000
927587977.000,52,0.000,0.000,0.000,0.000,0.000,0.000,0.038,0.000,0.385,0.577
927772135.000,86,0.012,0.035,0.012,0.012,0.384,0.000,0.058,0.360,0.081,0.047
928063123.000,88,0.000,0.000,0.057,0.000,0.045,0.000,0.034,0.159,0.386,0.318
928082907.000,59,0.000,0.000,0.000,0.000,0.220,0.017,0.000,0.000,0.339,0.424
928118735.000,380,0.000,0.000,0.000,0.000,0.116,0.008,0.000,0.000,0.229,0.647
928130578.000,57,0.018,0.035,0.018,0.000,0.035,0.000,0.035,0.000,0.386,0.474
928130736.000,71,0.000,0.000,0.000,0.000,0.000,0.000,0.000,0.000,0.310,0.690
928218514.000,147,0.014,0.000,0.075,0.014,0.116,0.565,0.177,0.014,0.014,0.014
928422030.000,52,0.000,0.000,0.019,0.000,0.019,0.000,0.019,0.942,0.000,0.000
928433410.000,234,0.013,0.009,0.034,0.030,0.137,0.158,0.115,0.368,0.030,0.107
928466889.000,76,0.000,0.000,0.013,0.013,0.013,0.000,0.737,0.171,0.013,0.039
928504979.000,93,0.000,0.000,0.000,0.000,0.237,0.000,0.000,0.022,0.312,0.430
928645560.000,73,0.000,0.000,0.000,0.000,0.000,0.000,0.000,0.027,0.315,0.658
928716828.000,57,0.000,0.000,0.000,0.000,0.000,0.000,0.000,0.018,0.368,0.614
928809733.000,71,0.000,0.000,0.000,0.000,0.000,0.000,0.000,0.000,0.338,0.662
928825285.000,55,0.000,0.000,0.000,0.000,0.000,0.000,0.000,0.000,0.291,0.709
928845856.000,54,0.000,0.000,0.000,0.000,0.000,0.000,0.000,0.000,0.685,0.315
929098104.000,121,0.000,0.017,0.091,0.025,0.091,0.000,0.711,0.017,0.017,0.033
929463180.000,62,0.000,0.000,0.000,0.000,0.323,0.081,0.000,0.016,0.306,0.274
929900677.000,62,0.129,0.016,0.048,0.065,0.290,0.032,0.000,0.016,0.226,0.177
930076981.000,57,0.000,0.000,0.035,0.070,0.053,0.035,0.000,0.070,0.088,0.649
930088158.000,63,0.095,0.000,0.032,0.000,0.063,0.048,0.000,0.127,0.016,0.619
930088299.000,67,0.000,0.015,0.134,0.030,0.134,0.000,0.119,0.537,0.000,0.030
930198381.000,73,0.000,0.000,0.027,0.000,0.110,0.000,0.000,0.000,0.479,0.384
930306732.000,58,0.000,0.000,0.000,0.000,0.086,0.000,0.000,0.000,0.552,0.362
930512080.000,83,0.000,0.000,0.000,0.000,0.012,0.000,0.000,0.084,0.627,0.277
930554265.000,55,0.000,0.000,0.000,0.000,0.055,0.000,0.018,0.000,0.400,0.527
930588985.000,90,0.000,0.000,0.000,0.000,0.011,0.000,0.000,0.000,0.344,0.644
